function e = erb(fc)

% e = 6.23e-6*fc.^2 + 9.339e-2*fc + 28.52;
e = 10.8e-2*fc+24.7;